-0.217 0.0 0.84 0 0 -1 0 1 0 1 0 0
-0.216552631579 0.0 0.835 0 0 -1 0 1 0 1 0 0
-0.216105263158 0.0 0.83 0 0 -1 0 1 0 1 0 0
-0.215657894737 0.0 0.825 0 0 -1 0 1 0 1 0 0
-0.215210526316 0.0 0.82 0 0 -1 0 1 0 1 0 0
-0.214763157895 0.0 0.815 0 0 -1 0 1 0 1 0 0
-0.214315789474 0.0 0.81 0 0 -1 0 1 0 1 0 0
-0.213868421053 0.0 0.805 0 0 -1 0 1 0 1 0 0
-0.213421052632 0.0 0.8 0 0 -1 0 1 0 1 0 0
-0.212973684211 0.0 0.795 0 0 -1 0 1 0 1 0 0
-0.212526315789 0.0 0.79 0 0 -1 0 1 0 1 0 0
-0.212078947368 0.0 0.785 0 0 -1 0 1 0 1 0 0
-0.211631578947 0.0 0.78 0 0 -1 0 1 0 1 0 0
-0.211184210526 0.0 0.775 0 0 -1 0 1 0 1 0 0
-0.210736842105 0.0 0.77 0 0 -1 0 1 0 1 0 0
-0.210289473684 0.0 0.765 0 0 -1 0 1 0 1 0 0
-0.209842105263 0.0 0.76 0 0 -1 0 1 0 1 0 0
-0.209394736842 0.0 0.755 0 0 -1 0 1 0 1 0 0
-0.208947368421 0.0 0.75 0 0 -1 0 1 0 1 0 0
-0.2085 0.0 0.745 0 0 -1 0 1 0 1 0 0
-0.208052631579 0.0 0.74 0 0 -1 0 1 0 1 0 0
-0.207605263158 0.0 0.735 0 0 -1 0 1 0 1 0 0
-0.207157894737 0.0 0.73 0 0 -1 0 1 0 1 0 0
-0.206710526316 0.0 0.725 0 0 -1 0 1 0 1 0 0
-0.206263157895 0.0 0.72 0 0 -1 0 1 0 1 0 0
-0.205815789474 0.0 0.715 0 0 -1 0 1 0 1 0 0
-0.205368421053 0.0 0.71 0 0 -1 0 1 0 1 0 0
-0.204921052632 0.0 0.705 0 0 -1 0 1 0 1 0 0
-0.204473684211 0.0 0.7 0 0 -1 0 1 0 1 0 0
-0.204026315789 0.0 0.695 0 0 -1 0 1 0 1 0 0
-0.203578947368 0.0 0.69 0 0 -1 0 1 0 1 0 0
-0.203131578947 0.0 0.685 0 0 -1 0 1 0 1 0 0
-0.202684210526 0.0 0.68 0 0 -1 0 1 0 1 0 0
-0.202236842105 0.0 0.675 0 0 -1 0 1 0 1 0 0
-0.201789473684 0.0 0.67 0 0 -1 0 1 0 1 0 0
-0.201342105263 0.0 0.665 0 0 -1 0 1 0 1 0 0
-0.200894736842 0.0 0.66 0 0 -1 0 1 0 1 0 0
-0.2 0.0 0.65 0 0 -1 0 1 0 1 0 0
-0.2 0.0 0.65 0 0 -1 0 1 0 1 0 0
-0.200447368421 0.0 0.655 0 0 -1 0 1 0 1 0 0
-0.200894736842 0.0 0.66 0 0 -1 0 1 0 1 0 0
-0.201342105263 0.0 0.665 0 0 -1 0 1 0 1 0 0
-0.201789473684 0.0 0.67 0 0 -1 0 1 0 1 0 0
-0.202236842105 0.0 0.675 0 0 -1 0 1 0 1 0 0
-0.202684210526 0.0 0.68 0 0 -1 0 1 0 1 0 0
-0.203131578947 0.0 0.685 0 0 -1 0 1 0 1 0 0
-0.203578947368 0.0 0.69 0 0 -1 0 1 0 1 0 0
-0.204026315789 0.0 0.695 0 0 -1 0 1 0 1 0 0
-0.204473684211 0.0 0.7 0 0 -1 0 1 0 1 0 0
-0.204921052632 0.0 0.705 0 0 -1 0 1 0 1 0 0
-0.205368421053 0.0 0.71 0 0 -1 0 1 0 1 0 0
-0.205815789474 0.0 0.715 0 0 -1 0 1 0 1 0 0
-0.206263157895 0.0 0.72 0 0 -1 0 1 0 1 0 0
-0.206710526316 0.0 0.725 0 0 -1 0 1 0 1 0 0
-0.207157894737 0.0 0.73 0 0 -1 0 1 0 1 0 0
-0.207605263158 0.0 0.735 0 0 -1 0 1 0 1 0 0
-0.208052631579 0.0 0.74 0 0 -1 0 1 0 1 0 0
-0.2085 0.0 0.745 0 0 -1 0 1 0 1 0 0
-0.208947368421 0.0 0.75 0 0 -1 0 1 0 1 0 0
-0.209394736842 0.0 0.755 0 0 -1 0 1 0 1 0 0
-0.209842105263 0.0 0.76 0 0 -1 0 1 0 1 0 0
-0.210289473684 0.0 0.765 0 0 -1 0 1 0 1 0 0
-0.210736842105 0.0 0.77 0 0 -1 0 1 0 1 0 0
-0.211184210526 0.0 0.775 0 0 -1 0 1 0 1 0 0
-0.211631578947 0.0 0.78 0 0 -1 0 1 0 1 0 0
-0.212078947368 0.0 0.785 0 0 -1 0 1 0 1 0 0
-0.212526315789 0.0 0.79 0 0 -1 0 1 0 1 0 0
-0.212973684211 0.0 0.795 0 0 -1 0 1 0 1 0 0
-0.213421052632 0.0 0.8 0 0 -1 0 1 0 1 0 0
-0.213868421053 0.0 0.805 0 0 -1 0 1 0 1 0 0
-0.214315789474 0.0 0.81 0 0 -1 0 1 0 1 0 0
-0.214763157895 0.0 0.815 0 0 -1 0 1 0 1 0 0
-0.215210526316 0.0 0.82 0 0 -1 0 1 0 1 0 0
-0.215657894737 0.0 0.825 0 0 -1 0 1 0 1 0 0
-0.216105263158 0.0 0.83 0 0 -1 0 1 0 1 0 0
-0.217 0.0 0.84 0 0 -1 0 1 0 1 0 0
