0.27 -0.15 0.0
0.275 -0.15 0.00166666666667
0.28 -0.15 0.00333333333333
0.285 -0.15 0.005
0.29 -0.15 0.00666666666667
0.295 -0.15 0.00833333333333
0.3 -0.15 0.01
0.305 -0.15 0.0116666666667
0.31 -0.15 0.0133333333333
0.315 -0.15 0.015
0.32 -0.15 0.0166666666667
0.325 -0.15 0.0183333333333
0.33 -0.15 0.02
0.335 -0.15 0.0216666666667
0.34 -0.15 0.0233333333333
0.345 -0.15 0.025
0.35 -0.15 0.0266666666667
0.355 -0.15 0.0283333333333
0.36 -0.15 0.03
0.365 -0.15 0.0316666666667
0.37 -0.15 0.0333333333333
0.375 -0.15 0.035
0.38 -0.15 0.0366666666667
0.385 -0.15 0.0383333333333
0.39 -0.15 0.04
0.395 -0.15 0.0416666666667
0.4 -0.15 0.0433333333333
0.405 -0.15 0.045
0.41 -0.15 0.0466666666667
0.415 -0.15 0.0483333333333
0.42 -0.15 0.05
0.425 -0.15 0.0516666666667
0.43 -0.15 0.0533333333333
0.435 -0.15 0.055
0.44 -0.15 0.0566666666667
0.445 -0.15 0.0583333333333
0.45 -0.15 0.06
0.455 -0.15 0.0616666666667
0.46 -0.15 0.0633333333333
0.465 -0.15 0.065
0.47 -0.15 0.0666666666667
0.475 -0.15 0.0683333333333
0.48 -0.15 0.07
0.485 -0.15 0.0716666666667
0.49 -0.15 0.0733333333333
0.495 -0.15 0.075
0.5 -0.15 0.0766666666667
0.505 -0.15 0.0783333333333
0.51 -0.15 0.08
0.515 -0.15 0.0816666666667
0.52 -0.15 0.0833333333333
0.525 -0.15 0.085
0.53 -0.15 0.0866666666667
0.535 -0.15 0.0883333333333
0.54 -0.15 0.09
0.545 -0.15 0.0916666666667
0.55 -0.15 0.0933333333333
0.555 -0.15 0.095
0.56 -0.15 0.0966666666667
0.57 -0.15 0.1
0.57 -0.15 0.1
0.57 -0.145 0.1
0.57 -0.14 0.1
0.57 -0.135 0.1
0.57 -0.13 0.1
0.57 -0.125 0.1
0.57 -0.12 0.1
0.57 -0.115 0.1
0.57 -0.11 0.1
0.57 -0.105 0.1
0.57 -0.1 0.1
0.57 -0.095 0.1
0.57 -0.09 0.1
0.57 -0.085 0.1
0.57 -0.08 0.1
0.57 -0.075 0.1
0.57 -0.07 0.1
0.57 -0.065 0.1
0.57 -0.06 0.1
0.57 -0.055 0.1
0.57 -0.05 0.1
0.57 -0.045 0.1
0.57 -0.04 0.1
0.57 -0.035 0.1
0.57 -0.03 0.1
0.57 -0.025 0.1
0.57 -0.02 0.1
0.57 -0.015 0.1
0.57 -0.01 0.1
0.57 -0.005 0.1
0.57 1.14491749414e-16 0.1
0.57 0.005 0.1
0.57 0.01 0.1
0.57 0.015 0.1
0.57 0.02 0.1
0.57 0.025 0.1
0.57 0.03 0.1
0.57 0.035 0.1
0.57 0.04 0.1
0.57 0.045 0.1
0.57 0.05 0.1
0.57 0.055 0.1
0.57 0.06 0.1
0.57 0.065 0.1
0.57 0.07 0.1
0.57 0.075 0.1
0.57 0.08 0.1
0.57 0.085 0.1
0.57 0.09 0.1
0.57 0.095 0.1
0.57 0.1 0.1
0.57 0.105 0.1
0.57 0.11 0.1
0.57 0.115 0.1
0.57 0.12 0.1
0.57 0.125 0.1
0.57 0.13 0.1
0.57 0.135 0.1
0.57 0.14 0.1
0.57 0.15 0.1
0.57 0.15 0.1
0.565 0.15 0.0983333333333
0.56 0.15 0.0966666666667
0.555 0.15 0.095
0.55 0.15 0.0933333333333
0.545 0.15 0.0916666666667
0.54 0.15 0.09
0.535 0.15 0.0883333333333
0.53 0.15 0.0866666666667
0.525 0.15 0.085
0.52 0.15 0.0833333333333
0.515 0.15 0.0816666666667
0.51 0.15 0.08
0.505 0.15 0.0783333333333
0.5 0.15 0.0766666666667
0.495 0.15 0.075
0.49 0.15 0.0733333333333
0.485 0.15 0.0716666666667
0.48 0.15 0.07
0.475 0.15 0.0683333333333
0.47 0.15 0.0666666666667
0.465 0.15 0.065
0.46 0.15 0.0633333333333
0.455 0.15 0.0616666666667
0.45 0.15 0.06
0.445 0.15 0.0583333333333
0.44 0.15 0.0566666666667
0.435 0.15 0.055
0.43 0.15 0.0533333333333
0.425 0.15 0.0516666666667
0.42 0.15 0.05
0.415 0.15 0.0483333333333
0.41 0.15 0.0466666666667
0.405 0.15 0.045
0.4 0.15 0.0433333333333
0.395 0.15 0.0416666666667
0.39 0.15 0.04
0.385 0.15 0.0383333333333
0.38 0.15 0.0366666666667
0.375 0.15 0.035
0.37 0.15 0.0333333333333
0.365 0.15 0.0316666666667
0.36 0.15 0.03
0.355 0.15 0.0283333333333
0.35 0.15 0.0266666666667
0.345 0.15 0.025
0.34 0.15 0.0233333333333
0.335 0.15 0.0216666666667
0.33 0.15 0.02
0.325 0.15 0.0183333333333
0.32 0.15 0.0166666666667
0.315 0.15 0.015
0.31 0.15 0.0133333333333
0.305 0.15 0.0116666666667
0.3 0.15 0.01
0.295 0.15 0.00833333333333
0.29 0.15 0.00666666666667
0.285 0.15 0.005
0.28 0.15 0.00333333333333
0.27 0.15 0.0
0.27 0.15 0.0
0.27 0.145 0.0
0.27 0.14 0.0
0.27 0.135 0.0
0.27 0.13 0.0
0.27 0.125 0.0
0.27 0.12 0.0
0.27 0.115 0.0
0.27 0.11 0.0
0.27 0.105 0.0
0.27 0.1 0.0
0.27 0.095 0.0
0.27 0.09 0.0
0.27 0.085 0.0
0.27 0.08 0.0
0.27 0.075 0.0
0.27 0.07 0.0
0.27 0.065 0.0
0.27 0.06 0.0
0.27 0.055 0.0
0.27 0.05 0.0
0.27 0.045 0.0
0.27 0.04 0.0
0.27 0.035 0.0
0.27 0.03 0.0
0.27 0.025 0.0
0.27 0.02 0.0
0.27 0.015 0.0
0.27 0.01 0.0
0.27 0.005 0.0
0.27 -1.14491749414e-16 0.0
0.27 -0.005 0.0
0.27 -0.01 0.0
0.27 -0.015 0.0
0.27 -0.02 0.0
0.27 -0.025 0.0
0.27 -0.03 0.0
0.27 -0.035 0.0
0.27 -0.04 0.0
0.27 -0.045 0.0
0.27 -0.05 0.0
0.27 -0.055 0.0
0.27 -0.06 0.0
0.27 -0.065 0.0
0.27 -0.07 0.0
0.27 -0.075 0.0
0.27 -0.08 0.0
0.27 -0.085 0.0
0.27 -0.09 0.0
0.27 -0.095 0.0
0.27 -0.1 0.0
0.27 -0.105 0.0
0.27 -0.11 0.0
0.27 -0.115 0.0
0.27 -0.12 0.0
0.27 -0.125 0.0
0.27 -0.13 0.0
0.27 -0.135 0.0
0.27 -0.14 0.0
0.27 -0.15 0.0
